TABELLAE.

TABELLA VIII

DE SPONDAEORUM DACTYLORUMQUE RATIONE

Ascmzmnsss

Hexameter.

11111111. V, 145,3,145,5,153,1, 153, 3, 158, 1, 158, 3, 162, 3,
167, 5, 181, 9,203, 3,207, 3, 210, 1, 210, 3;V11,
284, 3, XII, 46, 3, 50, 7, 75, 1, 161, 1.

8111111. V, 85, 3, 145,1, 150, 2, 181, 3, ΙΧ, 63, 1, XII, 46, 1,
50, 1.

1181111. V, 162, 1, 167, 3, 169, 1,181, 1, 181, 5, 203, 5, VII,
11, 3, 500, 1, 500, 3, ΙΧ, 63, 3,ΧΙΙ, 50, 3, 135, 3,
161, 3, 162, 3.

111181). 1464,1,164,1,185,1,ΧΙΙ,153,1,153,3,163,1,163,3.

nnus. V, 185, 5, XII, 135,1.

811811. V, 64, 5, 85, 1, 169, 3, 189, 3.

881111. V, 64, 3, 164, 3, 189, 1; VI, 308, 1, XII, 166, 3.

118118. V, 203, 1, XII, 105, 1.

SDDS. XII, 105, 3, 162, 1, 166, 5.

11881). V, 150, 1; 167, 1, 181, 11, 207, 1, VI, 308, 3, VII,
11, 1;xl1, 166, 1.

ssns. V, 185, 3; v11, 284, 1.

8881). V, 181, 7, XII, 50, 5.

Pentameter.

1111. ν.85,4,145,2,145,4,153,2,153,4,162,2,167,6,
181, 10, 185, 4, 185, 6, 203, 6, VII, 11, 4, 500, 2,
XII, 50, 2, 75, 2, 162, 2.

001564. 2;01,1;01,0;150,1;158, 2; 164. 2; 161110

 

