146 TABELLAE.

169, 6, 181, 8; 189, 6, 203, 2, 203, 6, 210, 2, VII,
286, [a 500, 6, 1x, 63, 23 ΧΗ, 65, 6, 50, 6, 50, 5;
50,8, 135, 2, 135,6, 153,6, 161,6, 163, 2, 163,6,
166, 2.

SD. V, 165, 6, 162,6, 166,6, 167,2, 181, 2, 181,6, 169,
2, 189, 2, ΙΙΙ, 308, 6, VII, 11, 2; 286, 2, XII, 66, 2.

88. V, 85, 2, 150, 2, 158, 6, 181, 6, 181,12, 185, 2, 207,
2, 207, 6, 210, 6, ΙΙΙ, 308, 2, IX, 63, 6, XII, 105,2;
105, 6, 153, 2, 161, 2 , 162,6, 166, 6, 166, 6,

Dubia epigrammata :

Hexameter.1)1>n1). V, 196, 3, 209, 1, 209, 3, 209, 7, VII,
165, 3, XII, 17, 3; 8000. V, 196, 5, IX, 752, 3, XVI, 120,
3, 0800. VII, 165, 1, ΙΧ, 752, 1, XVI, 120, 1, 0080. VII,
217, 1, 8080. V, 196, 1, XII, 17, 1, 0880. V, 209, 5, VII,
217, 3.

Pentameter. 00. VII, 165, 6, 217, 2, 217, 6, XVI, 120, 6,
DS.V,194,23IX,752,43XII,17,2;17,4;SD.V,19l1,l‡;
196, 6, 209, 2, 209, 6, XVI, 120, 2, 88. V, 209, 6, 209, 8,
VII, 165, 2, ΙΧ, 752, 2.

Ρο81011>008

Hexameter.

0000. V, 136,1, 183, 3, 186, 3, 213, 1, VII, 267, 1, XII, 120,
3, 168, 7, 275, 3, 275, 5, 275, 7, C. Ι, 116, 3, ΙΙΙ,
17,ἐ;811,313;18,1;18,3;10,1;10,5;81,1;1’,
1, ; · , ·

8000. V, 211,3; 267,3, XII, 65, 1,65,3, ΙΙΙ, 77,5, V, 15, 7.

0800. V, 183, 1, 183, 5, 211, 1, 213, 3, XII, 98, 3, XVI, 275,
1; 275, 11, C. Ι, 116, 1, ΙΙΙ, 80, 3, 80, 5, 81, 3,
V, 15,1.

0080. XII, 168, 5, C. III, 80, 9, 81, 1, 81, 5.

0008. V, 186, 13 XII, 131, 1, (1.111, 77,3, 79,5, 80, 7, 81,9.

8080. C. ΙΙΙ, 79, 7. ,

8800. V, 136, 3,ΧΙΙ, 120, 1, 168, 13XVI, 119, 1;C. ΙΙΙ,79, 1.

0880. XVI, 119, 3.

nnss. C. 1, 116, 5, S. 6, 1.

 

