TABELLAE.

TABELLA X

DE VOCABULIS IN FINE VERSUUM POSITIS

Ascmpmnas

Hexameter.

Voces l syllabae: V, 64, 3, 158, 3, 167, 3, 181, 3, 210, 1,

V11,11,1;11,3;X11,lss, 1,161,1.

ll syllabarum : V, 64, 5, 85, 1, 162, 1, 167, 5, 169, 1,
181, 1, 181, 7; 185, 3, 185, 5, 189, 1, 203, 3,
203, 5, 207, 3, 284, 3, V11, 500, 3; lX, 63,1, 63, 3,
XII, 50, 1, 50, 3, 50,5, 5ο,7, 75, 1, 135, 1, 161, 3.

Ill syllabarum: V, 64, 1, 145, 1, 145, 3, 145, 5, 153, 1,
158,1,162,3; 164,1,164,3,167,1,181,5,185,1,
189, 3, 203, 1, 210, 3, Vl, 308, 1, 308, 3, Vll,
284, 1, 500, 1, XII, 46, 3, 105, 1, 105,3, 135, 3,
153, 1, 162, 1, 162, 3, 163, 1, 163, 3, 166, 1,
166, 3, 166, 5.

lV syllabarum : V, 85, 3, 150, 1, 150, 3, 153, 3, 169, 3,
181, 9, 207, 1;Xll, 153, 3.

Pentameter.

Voces l syllabae ε Xll, 75, 2.

ΙΙ syllabarum: V, 64, 2, 85, 2, 145, 4, 167, 2, 181, 2,.
189, 4, 203, 2, 207, 2, 210, 2, Xll, 153, 4, 161, 2,
163, 2, 166, 6.

lll syllabarum: V, 64, 6, 145, 6, 153, 2, 158, 2, 158, 4,
162,2;162,4,164,4,167,4,169,2,181,4,181,6,
185, 4, 185, 6, 207, 4, 210, 4, Vl, 308, 2, Vll,
1¹‚23 28l1‚2; 284, 13 500, 4; 1111, 66, 23 50, 4;
50, 6, 105, 2, 135,2,135,4,163,4,166,2.

 

